ANALYSIS_OF_ALGORITHMS_SET_2_ASYMPTOTIC_ANALYSIS	0	1	164
CAESAR_CIPHER	0	1	19
CALCULATE_ANGLE_HOUR_HAND_MINUTE_HAND	0	0	0|1|2|3|4|5|6|7|8|9|10|11|12|13
CHANGE_BITS_CAN_MADE_ONE_FLIP	0	1	1
CHECK_ARRAY_REPRESENTS_INORDER_BINARY_SEARCH_TREE_NOT	0	1	48
CHECK_EXIST_TWO_ELEMENTS_ARRAY_WHOSE_SUM_EQUAL_SUM_REST_ARRAY	0	0	0|3|5|8|10|12|14|15|18|19|21|33|34|36|37|38|39|41|49|51|52
CHECK_IF_A_NUMBER_IS_JUMBLED_OR_NOT	0	1	0
CHECK_IF_STRING_REMAINS_PALINDROME_AFTER_REMOVING_GIVEN_NUMBER_OF_CHARACTERS	0	1	0
CHECK_NUMBER_POWER_K_USING_BASE_CHANGING_METHOD	0	1	0
CHECK_OCCURRENCES_CHARACTER_APPEAR_TOGETHER	0	0	1
CHECK_POSSIBLE_SORT_ARRAY_CONDITIONAL_SWAPPING_ADJACENT_ALLOWED	0	1	0
CHECK_REVERSING_SUB_ARRAY_MAKE_ARRAY_SORTED_1	0	0	0|2|3|4|5|6|7|9|11|12|14|16|17|18|19|20|21|22|23|24|26|27|28|29|30|31|32|34|35|37|38|39|40|41|42|43|44|45|46|47|48|49|50|51|52|53|54|55|56|57|58|59|60|61|62|63|64|65|66|67|68|69|70|71|72|73|87|88|89|90
CHECK_TWO_GIVEN_CIRCLES_TOUCH_INTERSECT	0	0	0|1|2|3
CHOCOLATE_DISTRIBUTION_PROBLEM	0	0	0|1
COMPUTE_NCR_P_SET_1_INTRODUCTION_AND_DYNAMIC_PROGRAMMING_SOLUTION	0	1	0
COST_BALANCE_PARANTHESES	0	0	0|1|8|9
COUNT_DIGITS_FACTORIAL_SET_1	0	1	27
COUNT_DIGITS_FACTORIAL_SET_2	0	0	0|1
COUNT_DISTINCT_NON_NEGATIVE_PAIRS_X_Y_SATISFY_INEQUALITY_XX_YY_N_2_1	0	0	0|1|2|3|5|6|9|10|12|13|14|15|16|17|18|19|20|21|22|23|24
COUNT_FIBONACCI_NUMBERS_GIVEN_RANGE_LOG_TIME	0	1	0
COUNT_FREQUENCY_K_MATRIX_SIZE_N_MATRIXI_J_IJ	0	1	0
COUNT_INVERSIONS_OF_SIZE_THREE_IN_A_GIVE_ARRAY_1	0	0	0|1|2|3|6|7|8|10|14|15|16|18|32|33|40|41|162|163
COUNT_NUMBER_WAYS_TILE_FLOOR_SIZE_N_X_M_USING_1_X_M_SIZE_TILES	0	0	8|9
COUNT_OF_OCCURRENCES_OF_A_101_PATTERN_IN_A_STRING	0	1	61
COUNT_OF_PAIRS_SATISFYING_THE_GIVEN_CONDITION	0	0	1|4
COUNT_PAIRS_WHOSE_PRODUCTS_EXIST_IN_ARRAY	0	0	0|2|4|7|8|9|10|17|23|25|27|28|29|30|31|32|33|41|42|50|51|58|59|62|63|66|67|72|73|76|77|78|79|84|85|96|97|98|99
COUNT_PALINDROME_SUB_STRINGS_STRING	0	0	0|3|5|9|11|12|13|14|19|23|24|26|27|30|31|46|47|48|49|52|53|54|55|56|57|60|61|75|76|78|79|80|81
COUNT_PALINDROMIC_SUBSEQUENCE_GIVEN_STRING	0	1	0
COUNT_SET_BITS_IN_AN_INTEGER_1	0	1	0
COUNT_TRAILING_ZEROES_FACTORIAL_NUMBER	0	1	0
DECIMAL_BINARY_CONVERSION_WITHOUT_USING_ARITHMETIC_OPERATORS	0	0	5|6|9
DICE_THROW_PROBLEM	0	0	4|5|12|13|66|67|146|147|218|219|266|267|366|367|518|519
DIVISIBILITY_9_USING_BITWISE_OPERATORS	0	0	0
DOUBLE_FACTORIAL_1	0	0	4|5
DYCK_PATH	0	0	0|1|2|3|4|5|6|7|8|9|10|11|12|13|14|15|16|17|18|19|27|28|30|31|33|34|35|36|37|38|39|40|41|42|43|44|45|46|47|48
DYNAMIC_PROGRAMMING_SET_36_CUT_A_ROPE_TO_MAXIMIZE_PRODUCT_1	0	1	2
ELEMENTS_TO_BE_ADDED_SO_THAT_ALL_ELEMENTS_OF_A_RANGE_ARE_PRESENT_IN_ARRAY	0	0	2|5
FAST_MULTIPLICATION_METHOD_WITHOUT_USING_MULTIPLICATION_OPERATOR_RUSSIAN_PEASANTS_ALGORITHM	0	1	0
FIND_INDEX_GIVEN_FIBONACCI_NUMBER_CONSTANT_TIME	0	1	0
FIND_INDEX_OF_AN_EXTRA_ELEMENT_PRESENT_IN_ONE_SORTED_ARRAY_1	0	1	0
FIND_MAXIMUM_AVERAGE_SUBARRAY_OF_K_LENGTH_1	0	1	1
FIND_MAXIMUM_PRODUCT_OF_A_TRIPLET_IN_ARRAY	0	0	0|2|3|4|6|12|13|14|16|18|23|29|30|31|32|33|34|37|39|40|42|43|44|45|53|54|55|57|60|63|64|66|67|73|74|75|76|77|86|91|92|100|103|104|105|106|113|114|115|116|117|121|124|126|127|134|142|143|144|145|146|148|149|151|152|155|160|161|164|166|167|168|169|170|175|176|177|186|187|189|190|193|194|203|207|208|209|210|213|227|228|229|230|231|232|235|239|240|244|245|246|247|248|249|256|257|258|259|260|261|262|274|275|278|279|280|281|282|283|284|285|286|287|290|291|295|296|297|307|308|309|310|311|312|333|334|335|336|352|353|354|355|371|372|379|380|384|385|388|389|390|391|392|393|398|399|400|401|416|417|419|420|421|422|423|424|427|428|429|430|433|434|439|440|442|443|444|445|446|447|456|457|458|459|462|463|464|465|466|467|468|469|480|481|484|485|486|487|488|489|490|491|492|493|506|507|510|511|512|513|518|519|528|529|530|531|532|533|536|537|544|545|546|547|554|555|570|571|576|577|584|585|590|591|594|595|598|599|608|609|610|611|612|613|614|615|620|621|622|623|632|633|634|635|636|637|644|645|646|647|650|651|652|653|654|655|660|661|668|669|674|675|678|679|700|701|702|703|704|705|706|707|708|709|712|713|718|719|720|721|738|739|740|741|742|743|744|745|746|747|748|749|754|755|756|757|758|759|760|761|762|763|764|765|766|767|768|769|772|773|774|775|780|782|783|784|785|786|787|788|789|790|791|808|809|810|811|818|819|820|821|826|827|870|871|872|873|878|879|880|881|882|883|884|885|890|891|912|913|914|915|916|917|918|919|920|921|924|925|926|927|930|931|932|933|936|937|938|939|940|941|948|949|956|957|962|963|964|965|966|967|970|971|982|983|984|985|1000|1001|1010|1011|1014|1015|1016|1017|1018|1019|1020|1021|1022|1023|1038|1039|1050|1051|1052|1053|1058|1059|1060|1061|1086|1087|1088|1089|1090|1091|1096|1097|1100|1101|1102|1103|1104|1105|1106|1107|1108|1109|1120|1121|1122|1123|1124|1125|1126|1127|1128|1129|1132|1133|1134|1135|1136|1137|1138|1139|1140|1141|1142|1143|1144|1145|1146|1147|1148|1149|1160|1161|1162|1163|1164|1165|1174|1175|1176|1177|1190|1191|1194|1195|1196|1197|1198|1199|1200|1201|1206|1207|1208|1209|1210|1211|1212|1213|1214|1215|1218|1220|1221|1222|1223|1224|1225|1226|1227|1228|1229|1230|1231|1244|1245|1264|1265|1266|1267|1272|1273|1274|1275|1286|1287|1288|1289|1290|1291|1292|1293|1304|1305|1306|1307|1308|1309|1310|1311|1312|1313|1316|1317|1360|1361|1362|1363|1364|1365|1366|1367|1368|1369|1374|1375|1376|1377|1412|1413|1414|1415
FIND_PAIR_WITH_GREATEST_PRODUCT_IN_ARRAY	0	0	0|1|4|5|6|7|8|9|12|13|14|15|16|17|20|21|22|23|30|31|32|33|42|43|44|45|46|47|48|49|50|51|54|55|58|59|64|65|68|69|78|79|80|81|82|83|84|85|86|87|88|89|104|105|108|109|110|111|112|113|114|115|116|117|118|119|122|123|124|125|138|139|140|141|142|143|148|149|150|151|152|153|154|155|156|157|158|159|160|161|166|167|170|171|174|175|176|177|178|179|190|191|192|193|208|209|210|211|212|213|214|215|216|217|230|231|232|233|234|235|236|237|238|239|240|241|242|243|244|245|246|247|248|249|272|273|274|275|276|277|280|281|288|289|290|291|292|293|294|295|296|297|298|299|302|303|328|329|330|331|332|333|334|335|336|337|338|339|342|343|344|345|346|347|356|357|358|359|360|361|364|365|366|367|372|373|374|375|388|389|390|391|410|411|412|413|414|415|418|419|422|423|424|425|426|427|440|441|446|447|450|451|452|453|454|455|468|469|472|473|474|475|492|493|496|497|498|499|500|501|508|509|510|511|528|529|532|533|534|535|546|547|548|549|550|551|552|553|554|555|556|557|568|569|572|573|574|575|576|577|586|587|588|589|590|591|592|593|594|595|596|597|624|625|632|633|636|637|638|639|650|651|652|653|654|655
FIND_POSITION_GIVEN_NUMBER_AMONG_NUMBERS_MADE_4_7	0	0	0|2|64|65|66|67|68|69|70|71|72|73|74|75|76|77|78|79|80|81|82|83|84|85|86|87|88|89|90|91|92|93|94|95|96|97|98|99|100|101|102|103|104|105|106|107|108|109|110|111|112|113|114|115|116|117|118|119|120|121|122|123|124|125|126|127|128|129|130|131|132|133|134|135|136|137|138|139|140|141|142|143|144|145|306|307|308|309|310|311|312|313|314|315|316|317|318|319|320|321|322|323|324|325|326|327|328|329|330|331|332|333|334|335|336|337|338|339|340|341|342|343|344|345|346|347|348|349|350|351|352|353|354|355|356|357|358|359|360|361|362|363|364|365|366|367|368|369|370|371|372|373|374|375|376|377|378|379|380|381|382|383|384|385|386|387|484|485|486|487|488|489|490|491|492|493|494|495|496|497|498|499|500|501|502|503|504|505|506|507|508|509|510|511|512|513|514|515|516|517|518|519|520|521|522|523|524|525|526|527|528|529|530|531|532|533|534|535|536|537|538|539|540|541|542|543|544|545|546|547|548|549|550|551|552|553|554|555|556|557|558|559|560|561|562|563|565
FIND_REPETITIVE_ELEMENT_1_N_1_2	0	1	7
FIND_ROTATION_COUNT_ROTATED_SORTED_ARRAY_1	0	1	0
FIND_SMALLEST_VALUE_REPRESENTED_SUM_SUBSET_GIVEN_ARRAY	0	1	0
FIND_THE_MISSING_NUMBER_1	0	0	0|1|2|3|4|5|6|7|16|17|18|19|20|21|22|23|32|33|34|35|36|37|42|43|44
FIND_THE_MISSING_NUMBER_2	0	0	0|1|4|5|6|7|9|10|11|13|14|15|23|25|26|27|28|29|30|31|32|33|34|35|36|37|40|41|42|43|46|47|64|65|66|67|68|69|70|71|72|73|76|77|78|79|84|85|96|97|98|99
FIND_THREE_ELEMENT_FROM_DIFFERENT_THREE_ARRAYS_SUCH_THAT_THAT_A_B_C_K_1	0	0	0|1|2|7|8|11|13|14|16|18|21|28|32|33|35|37|39|40|48|49|52
FIND_WHETHER_A_GIVEN_NUMBER_IS_A_POWER_OF_4_OR_NOT_1	0	0	0|1|2|3|4|5|6|7|8|9|10|11|12|13|14|15|16|17
FRIENDS_PAIRING_PROBLEM_2	0	0	6|7|8|9|36|37|38|39|60|61|62|63|64|65|66
HARDY_RAMANUJAN_THEOREM	0	1	0
HOW_TO_PRINT_MAXIMUM_NUMBER_OF_A_USING_GIVEN_FOUR_KEYS	0	0	0|1
INTEGER_POSITIVE_VALUE_POSITIVE_NEGATIVE_VALUE_ARRAY_1	0	0	0|1|2|4|16|17
K_TH_DISTINCT_OR_NON_REPEATING_ELEMENT_IN_AN_ARRAY	0	0	0|1|6|7|8|9|10|11|14|15|16|17
K_TH_DISTINCT_OR_NON_REPEATING_ELEMENT_IN_AN_ARRAY_1	0	0	8|45|79|162|163|165|174|181|183|971|972|973|974|975|976|978|979|984|985|997|999|1019|1025|1030|1031|1032|1033|1034|1036|1037|1054|1055|1067|1069|1089
K_TH_PRIME_FACTOR_GIVEN_NUMBER	0	1	0
LARGEST_SUBARRAY_WITH_EQUAL_NUMBER_OF_0S_AND_1S_1	0	0	0|2|4|7|8|9|10|17|23|25|27|28|29|30|31|32|33|41|42|50|51|58|59|62|63|66|67|72|73|76|77|78|79|84|85|96|97|98|99
LONGEST_REPEATING_AND_NON_OVERLAPPING_SUBSTRING	0	1	40
MAXIMIZE_SUM_ARRII	0	1	190
MAXIMIZE_SUM_CONSECUTIVE_DIFFERENCES_CIRCULAR_ARRAY	0	1	0
MAXIMUM_AREA_RECTANGLE_PICKING_FOUR_SIDES_ARRAY	0	1	2
MAXIMUM_LENGTH_SUBSEQUENCE_DIFFERENCE_ADJACENT_ELEMENTS_EITHER_0_1	0	0	64|65|66|67|70|71|78|79|180|181|182|183|186|187|194|195|248|249|251|255
MAXIMUM_POSSIBLE_DIFFERENCE_TWO_SUBSETS_ARRAY	0	0	0|1|2|3|6|7|8|9|14|15|16|17|20|21|24|25|26|27|30|31|32|33|36|37|38|39|40|41|50|51|54|55|56|57|58|59|74|75|76|77|86|87|90|91|96|97|104|105|118|119|122|123|124|125|140|141|170|171|172|173|174|175|176|177|178|179|180|181|182|183|184|185|194|195|196|197|198|199|200|201|202|203|206|207|208|209|228|229|232|233|234|235|238|239|250|251|252|253|254|255|256|257|260|261|262|263|264|265|268|269|278|279|280|281|282|283|284|285|288|289|298|299|310|311|312|313|322|323|324|325|336|337|338|339|340|341|368|369|370|371|376|377|396|397|398|399|400|401|452|453|454|455|472|473|502|503|506|507|524|525|546|547|550|551|552|553|554|555|562|563|564|565|566|567|568|569|570|571|572|573|588|589|590|591|592|593|606|607|626|627
MAXIMUM_PRODUCT_SUBSET_ARRAY	0	0	0|9|12|15|16|21|25|38|40|41|68|77|87|89|105|107
MAXIMUM_SUM_ALTERNATING_SUBSEQUENCE_SUM	0	1	152
MAXIMUM_SUM_IARRI_AMONG_ROTATIONS_GIVEN_ARRAY_1	0	0	0|2|4|7|8|9|10|17|23|25|27|28|29|30|31|32|33|41|42|50|51|58|59|62|63|66|67|72|73|76|77|78|79|84|85|96|97|98|99
MAXIMUM_SUM_PAIRS_SPECIFIC_DIFFERENCE_1	0	1	0
MAXIMUM_SUM_SUBSEQUENCE_LEAST_K_DISTANT_ELEMENTS	0	1	534
MIDDLE_OF_THREE_USING_MINIMUM_COMPARISONS_2	0	0	0|1|2|3|4|5|6|7|8|9|10|11|12|13|14|15|16|17|18|19|20|21|22|23|24|25|26|27|28|29|30|31|32|33|34|35|36|37|38|39|40|41|42|43|44|45
MINIMIZE_THE_MAXIMUM_DIFFERENCE_BETWEEN_THE_HEIGHTS	0	0	2|5
MINIMUM_NUMBER_PLATFORMS_REQUIRED_RAILWAYBUS_STATION	0	0	0|1|2|3|4|5|6|8|10|11|12|14|18|19|22|23|24|26|30|31|34|35|36|38|48|49|66|67|84|86|90|91|92|93|100|101|102|104|110|111|114|115|116|117|118|120|121|122|152|153|154|155|158|159|160|162|316|317|318|319|330|331|332|333
MINIMUM_NUMBER_SUBSETS_DISTINCT_ELEMENTS	0	1	68
MINIMUM_PRODUCT_SUBSET_ARRAY	0	0	0|3
MINIMUM_ROTATIONS_UNLOCK_CIRCULAR_LOCK	0	0	0|1|2|3|4|5|6|7|8|9|10|11|12|13|14|15|21|23|25|26|27|28|29|30|31|32|33|34|35|36|37|38|39
MINIMUM_XOR_VALUE_PAIR_1	0	0	2|5
MODULAR_EXPONENTIATION_POWER_IN_MODULAR_ARITHMETIC	0	0	0|1|2|3|4|5
NEXT_POWER_OF_2	0	1	0
NON_REPEATING_ELEMENT	0	0	0|1|2|3|4|5
NUMBER_DAYS_TANK_WILL_BECOME_EMPTY	0	1	0
NUMBER_JUMP_REQUIRED_GIVEN_LENGTH_REACH_POINT_FORM_D_0_ORIGIN_2D_PLANE	0	0	0|1|2|3|4|5
NUMBER_ORDERED_PAIRS_AI_AJ_0	0	1	0
NUMBER_SUBSTRINGS_DIVISIBLE_4_STRING_INTEGERS	0	1	0
PERFECT_REVERSIBLE_STRING	0	0	0|2|5|10|16|18|21|26|32|34|36|42
PRIMALITY_TEST_SET_1_INTRODUCTION_AND_SCHOOL_METHOD_1	0	0	2
PROGRAM_BINARY_DECIMAL_CONVERSION_1	0	0	6|7|10|11|12|13|14|15|24|25|28|29|30|31|34|35|50|57|61|63|64|65|66|67|68|69|70|71|72|73|77|78|79
PROGRAM_CHECK_ARRAY_SORTED_NOT_ITERATIVE_RECURSIVE_1	0	0	0|4|5|6|9|10|19|21|22|23|25|26|27|28|31|44|45|47|48|50|51|54|60|61
PROGRAM_FIND_STRING_START_END_GEEKS	0	1	0
PROGRAM_TO_CHECK_IF_A_GIVEN_NUMBER_IS_LUCKY_ALL_DIGITS_ARE_DIFFERENT	0	0	2|3|6|7|10|11|12|13|14|15|16|17|18|19|21|22|23|26|27|28|29|30|31|32|33|34|35|36|37|38|39|40|41|42|43|44|45|46|47|48|49|51|52|53|54|55|56|57|58|59|60|61|62|63|64|65|66|67|68|69|70|71|72|73|74|75|76|77|78|79
PROGRAM_TO_FIND_REMAINDER_WITHOUT_USING_MODULO_OR_OPERATOR_1	0	0	0|1|2|3|4|5|6|7|8|9|10|11|12|13
PROGRAM_TO_FIND_REMAINDER_WITHOUT_USING_MODULO_OR_OPERATOR_2	0	1	0
RECURSIVELY_BREAK_NUMBER_3_PARTS_GET_MAXIMUM_SUM	0	1	12
SEARCHING_ARRAY_ADJACENT_DIFFER_K	0	0	0|1|2|3|4|5
SEARCH_AN_ELEMENT_IN_AN_ARRAY_WHERE_DIFFERENCE_BETWEEN_ADJACENT_ELEMENTS_IS_1	0	0	0|1|2|3|4|5
SEARCH_INSERT_AND_DELETE_IN_AN_UNSORTED_ARRAY	0	1	0
SEARCH_INSERT_AND_DELETE_IN_A_SORTED_ARRAY_1	0	1	0
SMALLEST_POWER_OF_2_GREATER_THAN_OR_EQUAL_TO_N	0	1	0
SUBSEQUENCES_SIZE_THREE_ARRAY_WHOSE_SUM_DIVISIBLE_M	0	1	0
SUM_NODES_K_TH_LEVEL_TREE_REPRESENTED_STRING	0	0	0|1|2|3|4|5|6|7|9|10
SUM_OF_ALL_PROPER_DIVISORS_OF_A_NATURAL_NUMBER	0	0	0|1|2|4
TOTAL_NUMBER_OF_NON_DECREASING_NUMBERS_WITH_N_DIGITS_1	0	0	0|1|2|3|4|5|6|7|8|9|10|11|12|13|14|15|16|17|18|19|27|29|30|31|33|34|35|36|37|38|39|40|41|42|43|44|45|46|47|48
TRIANGULAR_NUMBERS_1	0	1	0
WAYS_REMOVE_ONE_ELEMENT_BINARY_STRING_XOR_BECOMES_ZERO	0	0	0|2
WRITE_ONE_LINE_C_FUNCTION_TO_FIND_WHETHER_A_NO_IS_POWER_OF_TWO	0	1	0
WRITE_YOU_OWN_POWER_WITHOUT_USING_MULTIPLICATION_AND_DIVISION	0	0	0|1|2|4|5|7|8|9|10|11|12|13|17|23|25|27|28|29|30|31|32|33|34|35|36|37|43|44|45|46|52|53|60|61|64|65|68|69|70|71|72|73|74|75|76|77|80|81|96|97|98|99|104|105|106|107
